0.007918284109415415,-0.0005889337273201473,0.0019061076926507445,0.0008963150982059339,0.00016527460334510007,-0.00014397507302011943,0.00618382630952008,0.0,0.00033250443488897614,-4.180618934009099e-05,0.00013749262679685074,0.00012024318832952448,6.361247749499926e-06,-2.6024690600982995e-06,6.842759312907536e-05,-1.2405745195835887e-08,8.678579192605003e-10,-2.5252723248669496e-08,0.0,0.0,0.0,0.0,0.0,0.0,0.0,0.0,0.0,0.0,0.0,0.0,0.0,0.0,0.0,0.0,0.0,0.0,0.0,0.0
-0.0005889337273201473,4.666795636048674e-05,-0.00013537612937187805,-5.340622639529404e-05,-1.635789397242852e-05,1.5312282149892915e-05,-0.0004969952302193957,0.0,-2.9617843404601764e-05,3.863826527681776e-06,-1.1588593586641489e-05,-1.14329780160378e-05,-6.944584666640168e-07,3.2125021519383373e-07,-7.151971649403059e-06,9.357242700382932e-10,-6.520637218728258e-11,1.9168610176163715e-09,0.0,0.0,0.0,0.0,0.0,0.0,0.0,0.0,0.0,0.0,0.0,0.0,0.0,0.0,0.0,0.0,0.0,0.0,0.0,0.0
0.0019061076926507445,-0.00013537612937187805,0.0005184331470554255,0.00021161007116599184,2.491117026222348e-05,-1.722232322457045e-05,0.001104239646947974,0.0,8.595471467834173e-05,-1.0136787284502328e-05,4.001491118244269e-05,4.378596182260149e-05,1.068142770895513e-06,-2.7847839196015253e-07,1.5183750792999618e-05,-2.8606277144502385e-09,2.0087527290253924e-10,-5.818126989771607e-09,0.0,0.0,0.0,0.0,0.0,0.0,0.0,0.0,0.0,0.0,0.0,0.0,0.0,0.0,0.0,0.0,0.0,0.0,0.0,0.0
0.0008963150982059339,-5.340622639529404e-05,0.00021161007116599184,0.002649349908571111,3.897521435041634e-06,8.693178155879085e-08,0.0007344284273603395,0.0,3.9329520026830055e-06,1.652540549663629e-06,8.506949837479175e-06,0.005840114665120754,-1.1911290094653809e-06,7.825138703603277e-07,1.249840755210615e-05,-1.6251984856664386e-09,1.141095053937977e-10,-3.1395467769935443e-09,0.0,0.0,0.0,0.0,0.0,0.0,0.0,0.0,0.0,0.0,0.0,0.0,0.0,0.0,0.0,0.0,0.0,0.0,0.0,0.0
0.00016527460334510007,-1.635789397242852e-05,2.491117026222348e-05,3.897521435041634e-06,5.6808439514561006e-05,-7.427060645422383e-05,0.0013412017366586,0.0,1.2118375575170043e-05,-1.7320941163439205e-06,4.093564355153777e-06,4.992849600122186e-06,4.362273645516594e-07,-2.400411427509605e-07,4.796980584546515e-06,-4.2436010035005845e-09,3.06507013075159e-10,-6.982692173373764e-09,0.0,0.0,0.0,0.0,0.0,0.0,0.0,0.0,0.0,0.0,0.0,0.0,0.0,0.0,0.0,0.0,0.0,0.0,0.0,0.0
-0.00014397507302011943,1.5312282149892915e-05,-1.722232322457045e-05,8.693178155879085e-08,-7.427060645422383e-05,0.00010013249075396046,-0.001684348897062831,0.0,-1.1779440920216498e-05,1.7149477566665996e-06,-3.866548620058436e-06,-5.0020295679697205e-06,-4.580776008901697e-07,2.580374680034769e-07,-5.190294031110028e-06,5.755533778479013e-09,-4.160935297383029e-10,9.40948395619073e-09,0.0,0.0,0.0,0.0,0.0,0.0,0.0,0.0,0.0,0.0,0.0,0.0,0.0,0.0,0.0,0.0,0.0,0.0,0.0,0.0
0.00618382630952008,-0.0004969952302193957,0.001104239646947974,0.0007344284273603395,0.0013412017366586,-0.001684348897062831,0.04283645554128174,0.0,0.0002337978097096275,-3.1513531855929796e-05,9.094370965112425e-05,8.244445956575567e-05,7.23125188007503e-06,-3.890994218400518e-06,0.00010814425489165265,-1.0150595291830155e-07,7.3308064797391985e-09,-1.6824858264352585e-07,0.0,0.0,0.0,0.0,0.0,0.0,0.0,0.0,0.0,0.0,0.0,0.0,0.0,0.0,0.0,0.0,0.0,0.0,0.0,0.0
0.0,0.0,0.0,0.0,0.0,0.0,0.0,0.0,0.0,0.0,0.0,0.0,0.0,0.0,0.0,0.0,0.0,0.0,0.0,0.0,0.0,0.0,0.0,0.0,0.0,0.0,0.0,0.0,0.0,0.0,0.0,0.0,0.0,0.0,0.0,0.0,0.0,0.0
0.00033250443488897614,-2.9617843404601764e-05,8.595471467834173e-05,3.9329520026830055e-06,1.2118375575170043e-05,-1.1779440920216498e-05,0.0002337978097096275,0.0,0.028780395325106588,-0.002938855019376677,0.012101496849850558,0.006459858756684279,0.00017857156580026516,1.2849622764971237e-05,0.008898218458745446,1.0896581560905626e-07,-7.72793429117412e-09,1.8859599730159767e-07,0.0,0.0,0.0,0.0,0.0,0.0,0.0,0.0,0.0,0.0,0.0,0.0,0.0,0.0,0.0,0.0,0.0,0.0,0.0,0.0
-4.180618934009099e-05,3.863826527681776e-06,-1.0136787284502328e-05,1.652540549663629e-06,-1.7320941163439205e-06,1.7149477566665996e-06,-3.1513531855929796e-05,0.0,-0.002938855019376677,0.00031972000187853233,-0.0011654579742283158,-0.0005297076926934187,-3.520777652720672e-05,1.0517521331239918e-05,-0.0010396050942737996,-1.225523099264676e-08,8.725940518767251e-10,-2.0914393553013333e-08,0.0,0.0,0.0,0.0,0.0,0.0,0.0,0.0,0.0,0.0,0.0,0.0,0.0,0.0,0.0,0.0,0.0,0.0,0.0,0.0
0.00013749262679685074,-1.1588593586641489e-05,4.001491118244269e-05,8.506949837479175e-06,4.093564355153777e-06,-3.866548620058436e-06,9.094370965112425e-05,0.0,0.012101496849850558,-0.0011654579742283158,0.005985413048549973,0.0025713434427205323,-4.2419118544550954e-05,9.285667242931475e-05,0.0012895655970122026,3.784301340143404e-08,-2.6603707055656713e-09,6.744417209888378e-08,0.0,0.0,0.0,0.0,0.0,0.0,0.0,0.0,0.0,0.0,0.0,0.0,0.0,0.0,0.0,0.0,0.0,0.0,0.0,0.0
0.00012024318832952448,-1.14329780160378e-05,4.378596182260149e-05,0.005840114665120754,4.992849600122186e-06,-5.0020295679697205e-06,8.244445956575567e-05,0.0,0.006459858756684279,-0.0005297076926934187,0.0025713434427205323,0.029312630330955353,-2.148352963552718e-05,4.089402869824596e-05,0.002873238099157263,1.966940590938043e-08,-1.3856612057330636e-09,3.5214799257766506e-08,0.0,0.0,0.0,0.0,0.0,0.0,0.0,0.0,0.0,0.0,0.0,0.0,0.0,0.0,0.0,0.0,0.0,0.0,0.0,0.0
6.361247749499926e-06,-6.944584666640168e-07,1.068142770895513e-06,-1.1911290094653809e-06,4.362273645516594e-07,-4.580776008901697e-07,7.23125188007503e-06,0.0,0.00017857156580026516,-3.520777652720672e-05,-4.2419118544550954e-05,-2.148352963552718e-05,0.00014602281641461543,-0.00012414395149661583,0.0022056537107516747,1.0139868271704945e-08,-7.488131302617571e-10,1.4869496603188199e-08,0.0,0.0,0.0,0.0,0.0,0.0,0.0,0.0,0.0,0.0,0.0,0.0,0.0,0.0,0.0,0.0,0.0,0.0,0.0,0.0
-2.6024690600982995e-06,3.2125021519383373e-07,-2.7847839196015253e-07,7.825138703603277e-07,-2.400411427509605e-07,2.580374680034769e-07,-3.890994218400518e-06,0.0,1.2849622764971237e-05,1.0517521331239918e-05,9.285667242931475e-05,4.089402869824596e-05,-0.00012414395149661583,0.0001092884945370808,-0.0017887008129473334,-8.124706266296312e-09,6.018383357113342e-10,-1.1749583491977351e-08,0.0,0.0,0.0,0.0,0.0,0.0,0.0,0.0,0.0,0.0,0.0,0.0,0.0,0.0,0.0,0.0,0.0,0.0,0.0,0.0
6.842759312907536e-05,-7.151971649403059e-06,1.5183750792999618e-05,1.249840755210615e-05,4.796980584546515e-06,-5.190294031110028e-06,0.00010814425489165265,0.0,0.008898218458745446,-0.0010396050942737996,0.0012895655970122026,0.002873238099157263,0.0022056537107516747,-0.0017887008129473334,0.04686444679598993,1.6699058640043522e-07,-1.2260389533579174e-08,2.5104581992727247e-07,0.0,0.0,0.0,0.0,0.0,0.0,0.0,0.0,0.0,0.0,0.0,0.0,0.0,0.0,0.0,0.0,0.0,0.0,0.0,0.0
-1.2405745195835887e-08,9.357242700382932e-10,-2.8606277144502385e-09,-1.6251984856664386e-09,-4.2436010035005845e-09,5.755533778479013e-09,-1.0150595291830155e-07,0.0,1.0896581560905626e-07,-1.225523099264676e-08,3.784301340143404e-08,1.966940590938043e-08,1.0139868271704945e-08,-8.124706266296312e-09,1.6699058640043522e-07,0.011622839535353273,-0.0008633440646870024,0.01607721431223505,0.0,0.0,0.0,0.0,0.0,0.0,0.0,0.0,0.0,0.0,0.0,0.0,0.0,0.0,0.0,0.0,0.0,0.0,0.0,0.0
8.678579192605003e-10,-6.520637218728258e-11,2.0087527290253924e-10,1.141095053937977e-10,3.06507013075159e-10,-4.160935297383029e-10,7.3308064797391985e-09,0.0,-7.72793429117412e-09,8.725940518767251e-10,-2.6603707055656713e-09,-1.3856612057330636e-09,-7.488131302617571e-10,6.018383357113342e-10,-1.2260389533579174e-08,-0.0008633440646870024,6.53086776230053e-05,-0.001163843275582938,0.0,0.0,0.0,0.0,0.0,0.0,0.0,0.0,0.0,0.0,0.0,0.0,0.0,0.0,0.0,0.0,0.0,0.0,0.0,0.0
-2.5252723248669496e-08,1.9168610176163715e-09,-5.818126989771607e-09,-3.1395467769935443e-09,-6.982692173373764e-09,9.40948395619073e-09,-1.6824858264352585e-07,0.0,1.8859599730159767e-07,-2.0914393553013333e-08,6.744417209888378e-08,3.5214799257766506e-08,1.4869496603188199e-08,-1.1749583491977351e-08,2.5104581992727247e-07,0.01607721431223505,-0.001163843275582938,0.027370966849682685,0.0,0.0,0.0,0.0,0.0,0.0,0.0,0.0,0.0,0.0,0.0,0.0,0.0,0.0,0.0,0.0,0.0,0.0,0.0,0.0
0.0,0.0,0.0,0.0,0.0,0.0,0.0,0.0,0.0,0.0,0.0,0.0,0.0,0.0,0.0,0.0,0.0,0.0,0.0,0.0,0.0,0.0,0.0,0.0,0.0,0.0,0.0,0.0,0.0,0.0,0.0,0.0,0.0,0.0,0.0,0.0,0.0,0.0
0.0,0.0,0.0,0.0,0.0,0.0,0.0,0.0,0.0,0.0,0.0,0.0,0.0,0.0,0.0,0.0,0.0,0.0,0.0,0.0,0.0,0.0,0.0,0.0,0.0,0.0,0.0,0.0,0.0,0.0,0.0,0.0,0.0,0.0,0.0,0.0,0.0,0.0
0.0,0.0,0.0,0.0,0.0,0.0,0.0,0.0,0.0,0.0,0.0,0.0,0.0,0.0,0.0,0.0,0.0,0.0,0.0,0.0,0.0,0.0,0.0,0.0,0.0,0.0,0.0,0.0,0.0,0.0,0.0,0.0,0.0,0.0,0.0,0.0,0.0,0.0
0.0,0.0,0.0,0.0,0.0,0.0,0.0,0.0,0.0,0.0,0.0,0.0,0.0,0.0,0.0,0.0,0.0,0.0,0.0,0.0,0.0,0.0,0.0,0.0,0.0,0.0,0.0,0.0,0.0,0.0,0.0,0.0,0.0,0.0,0.0,0.0,0.0,0.0
0.0,0.0,0.0,0.0,0.0,0.0,0.0,0.0,0.0,0.0,0.0,0.0,0.0,0.0,0.0,0.0,0.0,0.0,0.0,0.0,0.0,0.0,0.0,0.0,0.0,0.0,0.0,0.0,0.0,0.0,0.0,0.0,0.0,0.0,0.0,0.0,0.0,0.0
0.0,0.0,0.0,0.0,0.0,0.0,0.0,0.0,0.0,0.0,0.0,0.0,0.0,0.0,0.0,0.0,0.0,0.0,0.0,0.0,0.0,0.0,0.0,0.0,0.0,0.0,0.0,0.0,0.0,0.0,0.0,0.0,0.0,0.0,0.0,0.0,0.0,0.0
0.0,0.0,0.0,0.0,0.0,0.0,0.0,0.0,0.0,0.0,0.0,0.0,0.0,0.0,0.0,0.0,0.0,0.0,0.0,0.0,0.0,0.0,0.0,0.0,0.0,0.0,0.0,0.0,0.0,0.0,0.0,0.0,0.0,0.0,0.0,0.0,0.0,0.0
0.0,0.0,0.0,0.0,0.0,0.0,0.0,0.0,0.0,0.0,0.0,0.0,0.0,0.0,0.0,0.0,0.0,0.0,0.0,0.0,0.0,0.0,0.0,0.0,0.0,0.0,0.0,0.0,0.0,0.0,0.0,0.0,0.0,0.0,0.0,0.0,0.0,0.0
0.0,0.0,0.0,0.0,0.0,0.0,0.0,0.0,0.0,0.0,0.0,0.0,0.0,0.0,0.0,0.0,0.0,0.0,0.0,0.0,0.0,0.0,0.0,0.0,0.0,0.0,0.0,0.0,0.0,0.0,0.0,0.0,0.0,0.0,0.0,0.0,0.0,0.0
0.0,0.0,0.0,0.0,0.0,0.0,0.0,0.0,0.0,0.0,0.0,0.0,0.0,0.0,0.0,0.0,0.0,0.0,0.0,0.0,0.0,0.0,0.0,0.0,0.0,0.0,0.0,0.0,0.0,0.0,0.0,0.0,0.0,0.0,0.0,0.0,0.0,0.0
0.0,0.0,0.0,0.0,0.0,0.0,0.0,0.0,0.0,0.0,0.0,0.0,0.0,0.0,0.0,0.0,0.0,0.0,0.0,0.0,0.0,0.0,0.0,0.0,0.0,0.0,0.0,0.0,0.0,0.0,0.0,0.0,0.0,0.0,0.0,0.0,0.0,0.0
0.0,0.0,0.0,0.0,0.0,0.0,0.0,0.0,0.0,0.0,0.0,0.0,0.0,0.0,0.0,0.0,0.0,0.0,0.0,0.0,0.0,0.0,0.0,0.0,0.0,0.0,0.0,0.0,0.0,0.0,0.0,0.0,0.0,0.0,0.0,0.0,0.0,0.0
0.0,0.0,0.0,0.0,0.0,0.0,0.0,0.0,0.0,0.0,0.0,0.0,0.0,0.0,0.0,0.0,0.0,0.0,0.0,0.0,0.0,0.0,0.0,0.0,0.0,0.0,0.0,0.0,0.0,0.0,0.0,0.0,0.0,0.0,0.0,0.0,0.0,0.0
0.0,0.0,0.0,0.0,0.0,0.0,0.0,0.0,0.0,0.0,0.0,0.0,0.0,0.0,0.0,0.0,0.0,0.0,0.0,0.0,0.0,0.0,0.0,0.0,0.0,0.0,0.0,0.0,0.0,0.0,0.0,0.0,0.0,0.0,0.0,0.0,0.0,0.0
0.0,0.0,0.0,0.0,0.0,0.0,0.0,0.0,0.0,0.0,0.0,0.0,0.0,0.0,0.0,0.0,0.0,0.0,0.0,0.0,0.0,0.0,0.0,0.0,0.0,0.0,0.0,0.0,0.0,0.0,0.0,0.0,0.0,0.0,0.0,0.0,0.0,0.0
0.0,0.0,0.0,0.0,0.0,0.0,0.0,0.0,0.0,0.0,0.0,0.0,0.0,0.0,0.0,0.0,0.0,0.0,0.0,0.0,0.0,0.0,0.0,0.0,0.0,0.0,0.0,0.0,0.0,0.0,0.0,0.0,0.0,0.0,0.0,0.0,0.0,0.0
0.0,0.0,0.0,0.0,0.0,0.0,0.0,0.0,0.0,0.0,0.0,0.0,0.0,0.0,0.0,0.0,0.0,0.0,0.0,0.0,0.0,0.0,0.0,0.0,0.0,0.0,0.0,0.0,0.0,0.0,0.0,0.0,0.0,0.0,0.0,0.0,0.0,0.0
0.0,0.0,0.0,0.0,0.0,0.0,0.0,0.0,0.0,0.0,0.0,0.0,0.0,0.0,0.0,0.0,0.0,0.0,0.0,0.0,0.0,0.0,0.0,0.0,0.0,0.0,0.0,0.0,0.0,0.0,0.0,0.0,0.0,0.0,0.0,0.0,0.0,0.0
0.0,0.0,0.0,0.0,0.0,0.0,0.0,0.0,0.0,0.0,0.0,0.0,0.0,0.0,0.0,0.0,0.0,0.0,0.0,0.0,0.0,0.0,0.0,0.0,0.0,0.0,0.0,0.0,0.0,0.0,0.0,0.0,0.0,0.0,0.0,0.0,0.0,0.0
0.0,0.0,0.0,0.0,0.0,0.0,0.0,0.0,0.0,0.0,0.0,0.0,0.0,0.0,0.0,0.0,0.0,0.0,0.0,0.0,0.0,0.0,0.0,0.0,0.0,0.0,0.0,0.0,0.0,0.0,0.0,0.0,0.0,0.0,0.0,0.0,0.0,0.0
