0.15928345462651525,-0.012970056754002191,0.044739999838732156,0.02784864935794455,-0.0018659158677214172,0.010634619919529477,0.013517870670818147,0.0,0.005815685688321993,0.002536091427526689,-0.019169231629766522,-0.0724845610526987,-0.0007001160265764623,-0.003966696663917123,0.03003013850870774,-1.5056952537660107e-09,1.466379308846169e-09,-1.5560764905832698e-08,0.0,0.0,0.0,0.0,0.0,0.0,0.0,0.0,0.0,0.0,0.0,0.0,0.0,0.0,0.0,0.0,0.0,0.0,0.0,0.0
-0.012970056754002191,0.001130672622727007,-0.003413253847793938,-0.0025587180685738625,3.679046386416258e-05,-0.0006129212341200867,-0.004487408295640419,0.0,-0.00047721572345125156,-0.0002095742507706994,0.0015446783476656244,0.0061198569252537026,5.9413111307462306e-05,0.00033709405473702646,-0.0025024658251494854,1.1667783996688217e-10,-1.1263992168350537e-10,1.224374988145788e-09,0.0,0.0,0.0,0.0,0.0,0.0,0.0,0.0,0.0,0.0,0.0,0.0,0.0,0.0,0.0,0.0,0.0,0.0,0.0,0.0
0.044739999838732156,-0.003413253847793938,0.01461733255599015,0.005063658663880411,-0.0009493728670627742,0.003943824261588074,-0.015152487606049012,0.0,0.0022839296905523393,0.0009845692356039227,-0.007863692670224227,-0.027305887981349877,-0.00026617393303441663,-0.0014963856249582837,0.011818640783528428,-4.57961894355778e-10,4.5455013094021924e-10,-4.519463377508714e-09,0.0,0.0,0.0,0.0,0.0,0.0,0.0,0.0,0.0,0.0,0.0,0.0,0.0,0.0,0.0,0.0,0.0,0.0,0.0,0.0
0.02784864935794455,-0.0025587180685738625,0.005063658663880411,0.05129271178314208,-0.0003698921568736131,0.003515696293312227,-0.00924615052879942,0.0,0.008658603144726312,0.003961592595068967,-0.024766049772585112,-0.1291796253168721,-0.0012707422364223431,-0.007290493587654643,0.048528379969440184,-5.037824437491554e-10,5.228691036368279e-10,-3.995397451154285e-09,0.0,0.0,0.0,0.0,0.0,0.0,0.0,0.0,0.0,0.0,0.0,0.0,0.0,0.0,0.0,0.0,0.0,0.0,0.0,0.0
-0.0018659158677214172,3.679046386416258e-05,-0.0009493728670627742,-0.0003698921568736131,0.001424092663985088,-0.004253927409951722,0.04569510875372622,0.0,-0.00020360101864686213,-8.833532676230223e-05,0.0006876895538433282,0.0025529644981221785,2.5639801965578292e-05,0.00014218852761378314,-0.001142427823936678,1.3782436632246992e-10,-1.4754268558720888e-10,1.163932312215269e-09,0.0,0.0,0.0,0.0,0.0,0.0,0.0,0.0,0.0,0.0,0.0,0.0,0.0,0.0,0.0,0.0,0.0,0.0,0.0,0.0
0.010634619919529477,-0.0006129212341200867,0.003943824261588074,0.003515696293312227,-0.004253927409951722,0.013405469925343283,-0.12992536406082353,0.0,0.0010100779784729206,0.00044602908881968215,-0.0032435607281849983,-0.013416670855602868,-0.00013349092391121264,-0.0007505748432776192,0.005626119847934732,-4.724033708652648e-10,4.986014142110562e-10,-4.11647071636497e-09,0.0,0.0,0.0,0.0,0.0,0.0,0.0,0.0,0.0,0.0,0.0,0.0,0.0,0.0,0.0,0.0,0.0,0.0,0.0,0.0
0.013517870670818147,-0.004487408295640419,-0.015152487606049012,-0.00924615052879942,0.04569510875372622,-0.12992536406082353,1.8460412458524285,0.0,-0.010103577613093672,-0.004391721435504126,0.034226296834789796,0.12862051947694486,0.0013009112397732222,0.007197707762135308,-0.058037063037098637,4.238883146881416e-09,-4.693996712858737e-09,3.220926739413669e-08,0.0,0.0,0.0,0.0,0.0,0.0,0.0,0.0,0.0,0.0,0.0,0.0,0.0,0.0,0.0,0.0,0.0,0.0,0.0,0.0
0.0,0.0,0.0,0.0,0.0,0.0,0.0,0.0,0.0,0.0,0.0,0.0,0.0,0.0,0.0,0.0,0.0,0.0,0.0,0.0,0.0,0.0,0.0,0.0,0.0,0.0,0.0,0.0,0.0,0.0,0.0,0.0,0.0,0.0,0.0,0.0,0.0,0.0
0.005815685688321993,-0.00047721572345125156,0.0022839296905523393,0.008658603144726312,-0.00020360101864686213,0.0010100779784729206,-0.010103577613093672,0.0,0.02994131980510141,0.012249710261760229,-0.07031592105849026,-0.11649972806217895,-0.0027921557609773737,-0.013346429985769324,0.07638780034315554,-1.2308441497191806e-09,1.3476942278916622e-09,-8.562690398972151e-09,0.0,0.0,0.0,0.0,0.0,0.0,0.0,0.0,0.0,0.0,0.0,0.0,0.0,0.0,0.0,0.0,0.0,0.0,0.0,0.0
0.002536091427526689,-0.0002095742507706994,0.0009845692356039227,0.003961592595068967,-8.833532676230223e-05,0.00044602908881968215,-0.004391721435504126,0.0,0.012249710261760229,0.005313708993179197,-0.02715474136152758,-0.05432102099629806,-0.001094624836517809,-0.0055496730269408165,0.028088069995377454,-5.2985571318548e-10,5.772046513026577e-10,-3.790876363301175e-09,0.0,0.0,0.0,0.0,0.0,0.0,0.0,0.0,0.0,0.0,0.0,0.0,0.0,0.0,0.0,0.0,0.0,0.0,0.0,0.0
-0.019169231629766522,0.0015446783476656244,-0.007863692670224227,-0.024766049772585112,0.0006876895538433282,-0.0032435607281849983,0.034226296834789796,0.0,-0.07031592105849026,-0.02715474136152758,0.20343203404991417,0.24259081088874027,0.006624575453864686,0.03001290035824077,-0.22103113312694783,2.8633946325011528e-09,-3.1356858346591918e-09,1.9710452121186997e-08,0.0,0.0,0.0,0.0,0.0,0.0,0.0,0.0,0.0,0.0,0.0,0.0,0.0,0.0,0.0,0.0,0.0,0.0,0.0,0.0
-0.0724845610526987,0.0061198569252537026,-0.027305887981349877,-0.1291796253168721,0.0025529644981221785,-0.013416670855602868,0.12862051947694486,0.0,-0.11649972806217895,-0.05432102099629806,0.24259081088874027,1.6153296935252686,0.01610096052235606,0.09285202768868386,-0.5357270227025486,2.402319303450389e-09,-2.8741847738665135e-09,6.1525899270876295e-09,0.0,0.0,0.0,0.0,0.0,0.0,0.0,0.0,0.0,0.0,0.0,0.0,0.0,0.0,0.0,0.0,0.0,0.0,0.0,0.0
-0.0007001160265764623,5.9413111307462306e-05,-0.00026617393303441663,-0.0012707422364223431,2.5639801965578292e-05,-0.00013349092391121264,0.0013009112397732222,0.0,-0.0027921557609773737,-0.001094624836517809,0.006624575453864686,0.01610096052235606,0.0007772388567491332,0.0034395845433755463,-0.02348050265535644,-1.2009994462243012e-10,1.0564515964926031e-10,-1.796322408543577e-09,0.0,0.0,0.0,0.0,0.0,0.0,0.0,0.0,0.0,0.0,0.0,0.0,0.0,0.0,0.0,0.0,0.0,0.0,0.0,0.0
-0.003966696663917123,0.00033709405473702646,-0.0014963856249582837,-0.007290493587654643,0.00014218852761378314,-0.0007505748432776192,0.007197707762135308,0.0,-0.013346429985769324,-0.0055496730269408165,0.03001290035824077,0.09285202768868386,0.0034395845433755463,0.01602450638553683,-0.09837896709973118,-4.735865027045365e-10,4.055790404037874e-10,-7.483455260014198e-09,0.0,0.0,0.0,0.0,0.0,0.0,0.0,0.0,0.0,0.0,0.0,0.0,0.0,0.0,0.0,0.0,0.0,0.0,0.0,0.0
0.03003013850870774,-0.0025024658251494854,0.011818640783528428,0.048528379969440184,-0.001142427823936678,0.005626119847934732,-0.058037063037098637,0.0,0.07638780034315554,0.028088069995377454,-0.22103113312694783,-0.5357270227025486,-0.02348050265535644,-0.09837896709973118,0.9055009015978427,3.727464349033682e-09,-3.3442277837974983e-09,5.429459023521949e-08,0.0,0.0,0.0,0.0,0.0,0.0,0.0,0.0,0.0,0.0,0.0,0.0,0.0,0.0,0.0,0.0,0.0,0.0,0.0,0.0
-1.5056952537660107e-09,1.1667783996688217e-10,-4.57961894355778e-10,-5.037824437491554e-10,1.3782436632246992e-10,-4.724033708652648e-10,4.238883146881416e-09,0.0,-1.2308441497191806e-09,-5.2985571318548e-10,2.8633946325011528e-09,2.402319303450389e-09,-1.2009994462243012e-10,-4.735865027045365e-10,3.727464349033682e-09,0.1010630748219657,-0.10878934181275204,0.8511496648653075,0.0,0.0,0.0,0.0,0.0,0.0,0.0,0.0,0.0,0.0,0.0,0.0,0.0,0.0,0.0,0.0,0.0,0.0,0.0,0.0
1.466379308846169e-09,-1.1263992168350537e-10,4.5455013094021924e-10,5.228691036368279e-10,-1.4754268558720888e-10,4.986014142110562e-10,-4.693996712858737e-09,0.0,1.3476942278916622e-09,5.772046513026577e-10,-3.1356858346591918e-09,-2.8741847738665135e-09,1.0564515964926031e-10,4.055790404037874e-10,-3.3442277837974983e-09,-0.10878934181275204,0.12242603411166736,-0.8722214058090726,0.0,0.0,0.0,0.0,0.0,0.0,0.0,0.0,0.0,0.0,0.0,0.0,0.0,0.0,0.0,0.0,0.0,0.0,0.0,0.0
-1.5560764905832698e-08,1.224374988145788e-09,-4.519463377508714e-09,-3.995397451154285e-09,1.163932312215269e-09,-4.11647071636497e-09,3.220926739413669e-08,0.0,-8.562690398972151e-09,-3.790876363301175e-09,1.9710452121186997e-08,6.1525899270876295e-09,-1.796322408543577e-09,-7.483455260014198e-09,5.429459023521949e-08,0.8511496648653075,-0.8722214058090726,9.556257263213451,0.0,0.0,0.0,0.0,0.0,0.0,0.0,0.0,0.0,0.0,0.0,0.0,0.0,0.0,0.0,0.0,0.0,0.0,0.0,0.0
0.0,0.0,0.0,0.0,0.0,0.0,0.0,0.0,0.0,0.0,0.0,0.0,0.0,0.0,0.0,0.0,0.0,0.0,0.0,0.0,0.0,0.0,0.0,0.0,0.0,0.0,0.0,0.0,0.0,0.0,0.0,0.0,0.0,0.0,0.0,0.0,0.0,0.0
0.0,0.0,0.0,0.0,0.0,0.0,0.0,0.0,0.0,0.0,0.0,0.0,0.0,0.0,0.0,0.0,0.0,0.0,0.0,0.0,0.0,0.0,0.0,0.0,0.0,0.0,0.0,0.0,0.0,0.0,0.0,0.0,0.0,0.0,0.0,0.0,0.0,0.0
0.0,0.0,0.0,0.0,0.0,0.0,0.0,0.0,0.0,0.0,0.0,0.0,0.0,0.0,0.0,0.0,0.0,0.0,0.0,0.0,0.0,0.0,0.0,0.0,0.0,0.0,0.0,0.0,0.0,0.0,0.0,0.0,0.0,0.0,0.0,0.0,0.0,0.0
0.0,0.0,0.0,0.0,0.0,0.0,0.0,0.0,0.0,0.0,0.0,0.0,0.0,0.0,0.0,0.0,0.0,0.0,0.0,0.0,0.0,0.0,0.0,0.0,0.0,0.0,0.0,0.0,0.0,0.0,0.0,0.0,0.0,0.0,0.0,0.0,0.0,0.0
0.0,0.0,0.0,0.0,0.0,0.0,0.0,0.0,0.0,0.0,0.0,0.0,0.0,0.0,0.0,0.0,0.0,0.0,0.0,0.0,0.0,0.0,0.0,0.0,0.0,0.0,0.0,0.0,0.0,0.0,0.0,0.0,0.0,0.0,0.0,0.0,0.0,0.0
0.0,0.0,0.0,0.0,0.0,0.0,0.0,0.0,0.0,0.0,0.0,0.0,0.0,0.0,0.0,0.0,0.0,0.0,0.0,0.0,0.0,0.0,0.0,0.0,0.0,0.0,0.0,0.0,0.0,0.0,0.0,0.0,0.0,0.0,0.0,0.0,0.0,0.0
0.0,0.0,0.0,0.0,0.0,0.0,0.0,0.0,0.0,0.0,0.0,0.0,0.0,0.0,0.0,0.0,0.0,0.0,0.0,0.0,0.0,0.0,0.0,0.0,0.0,0.0,0.0,0.0,0.0,0.0,0.0,0.0,0.0,0.0,0.0,0.0,0.0,0.0
0.0,0.0,0.0,0.0,0.0,0.0,0.0,0.0,0.0,0.0,0.0,0.0,0.0,0.0,0.0,0.0,0.0,0.0,0.0,0.0,0.0,0.0,0.0,0.0,0.0,0.0,0.0,0.0,0.0,0.0,0.0,0.0,0.0,0.0,0.0,0.0,0.0,0.0
0.0,0.0,0.0,0.0,0.0,0.0,0.0,0.0,0.0,0.0,0.0,0.0,0.0,0.0,0.0,0.0,0.0,0.0,0.0,0.0,0.0,0.0,0.0,0.0,0.0,0.0,0.0,0.0,0.0,0.0,0.0,0.0,0.0,0.0,0.0,0.0,0.0,0.0
0.0,0.0,0.0,0.0,0.0,0.0,0.0,0.0,0.0,0.0,0.0,0.0,0.0,0.0,0.0,0.0,0.0,0.0,0.0,0.0,0.0,0.0,0.0,0.0,0.0,0.0,0.0,0.0,0.0,0.0,0.0,0.0,0.0,0.0,0.0,0.0,0.0,0.0
0.0,0.0,0.0,0.0,0.0,0.0,0.0,0.0,0.0,0.0,0.0,0.0,0.0,0.0,0.0,0.0,0.0,0.0,0.0,0.0,0.0,0.0,0.0,0.0,0.0,0.0,0.0,0.0,0.0,0.0,0.0,0.0,0.0,0.0,0.0,0.0,0.0,0.0
0.0,0.0,0.0,0.0,0.0,0.0,0.0,0.0,0.0,0.0,0.0,0.0,0.0,0.0,0.0,0.0,0.0,0.0,0.0,0.0,0.0,0.0,0.0,0.0,0.0,0.0,0.0,0.0,0.0,0.0,0.0,0.0,0.0,0.0,0.0,0.0,0.0,0.0
0.0,0.0,0.0,0.0,0.0,0.0,0.0,0.0,0.0,0.0,0.0,0.0,0.0,0.0,0.0,0.0,0.0,0.0,0.0,0.0,0.0,0.0,0.0,0.0,0.0,0.0,0.0,0.0,0.0,0.0,0.0,0.0,0.0,0.0,0.0,0.0,0.0,0.0
0.0,0.0,0.0,0.0,0.0,0.0,0.0,0.0,0.0,0.0,0.0,0.0,0.0,0.0,0.0,0.0,0.0,0.0,0.0,0.0,0.0,0.0,0.0,0.0,0.0,0.0,0.0,0.0,0.0,0.0,0.0,0.0,0.0,0.0,0.0,0.0,0.0,0.0
0.0,0.0,0.0,0.0,0.0,0.0,0.0,0.0,0.0,0.0,0.0,0.0,0.0,0.0,0.0,0.0,0.0,0.0,0.0,0.0,0.0,0.0,0.0,0.0,0.0,0.0,0.0,0.0,0.0,0.0,0.0,0.0,0.0,0.0,0.0,0.0,0.0,0.0
0.0,0.0,0.0,0.0,0.0,0.0,0.0,0.0,0.0,0.0,0.0,0.0,0.0,0.0,0.0,0.0,0.0,0.0,0.0,0.0,0.0,0.0,0.0,0.0,0.0,0.0,0.0,0.0,0.0,0.0,0.0,0.0,0.0,0.0,0.0,0.0,0.0,0.0
0.0,0.0,0.0,0.0,0.0,0.0,0.0,0.0,0.0,0.0,0.0,0.0,0.0,0.0,0.0,0.0,0.0,0.0,0.0,0.0,0.0,0.0,0.0,0.0,0.0,0.0,0.0,0.0,0.0,0.0,0.0,0.0,0.0,0.0,0.0,0.0,0.0,0.0
0.0,0.0,0.0,0.0,0.0,0.0,0.0,0.0,0.0,0.0,0.0,0.0,0.0,0.0,0.0,0.0,0.0,0.0,0.0,0.0,0.0,0.0,0.0,0.0,0.0,0.0,0.0,0.0,0.0,0.0,0.0,0.0,0.0,0.0,0.0,0.0,0.0,0.0
0.0,0.0,0.0,0.0,0.0,0.0,0.0,0.0,0.0,0.0,0.0,0.0,0.0,0.0,0.0,0.0,0.0,0.0,0.0,0.0,0.0,0.0,0.0,0.0,0.0,0.0,0.0,0.0,0.0,0.0,0.0,0.0,0.0,0.0,0.0,0.0,0.0,0.0
0.0,0.0,0.0,0.0,0.0,0.0,0.0,0.0,0.0,0.0,0.0,0.0,0.0,0.0,0.0,0.0,0.0,0.0,0.0,0.0,0.0,0.0,0.0,0.0,0.0,0.0,0.0,0.0,0.0,0.0,0.0,0.0,0.0,0.0,0.0,0.0,0.0,0.0
