0.18364843383302865,-0.014115920358745714,0.048482646017697084,0.01416237063106253,-0.0015318183976592518,0.010754879055884188,0.017493466533689085,0.0,0.0020735801019650846,0.0007488829111541876,-0.012454695242880873,0.0007907750395094622,-0.00021181943514806683,-0.0006432998780310801,0.01002705479038982,-2.425875237893011e-07,2.5015707096484647e-07,-2.608333409755013e-06,0.0,0.0,0.0,0.0,0.0,0.0,0.0,0.0,0.0,0.0,0.0,0.0,0.0,0.0,0.0,0.0,0.0,0.0,0.0,0.0
-0.014115920358745714,0.0011588994509364845,-0.003493980836519732,-0.0010952842449800943,1.636583510786265e-05,-0.000588616833792434,-0.0045290907181904086,0.0,-0.00012999950430852455,-4.723792447141085e-05,0.0007765604729486937,-5.023435574689899e-05,1.3328337907022741e-05,4.0788917007369124e-05,-0.0006257885261414255,1.9141466437803536e-08,-1.9800347906627112e-08,2.0386954503441704e-07,0.0,0.0,0.0,0.0,0.0,0.0,0.0,0.0,0.0,0.0,0.0,0.0,0.0,0.0,0.0,0.0,0.0,0.0,0.0,0.0
0.048482646017697084,-0.003493980836519732,0.014989281733595431,0.0009159089223919196,-0.0007796668967303689,0.003755558605366478,-0.014563243253451628,0.0,0.000883755426753397,0.00031496457082751675,-0.005738344533043716,0.0004563950429003469,-8.420251158297966e-05,-0.00025559306589376845,0.004537236333703099,-6.454502638426837e-08,6.628171360809016e-08,-7.033040936942549e-07,0.0,0.0,0.0,0.0,0.0,0.0,0.0,0.0,0.0,0.0,0.0,0.0,0.0,0.0,0.0,0.0,0.0,0.0,0.0,0.0
0.01416237063106253,-0.0010952842449800943,0.0009159089223919196,0.03069370324539835,-6.837187278647833e-05,0.0007881732463268111,0.015806754960479175,0.0,0.000867520994000372,0.00012811748591420657,-0.011265894180117319,0.0004933137619630237,-1.7587568086457497e-05,9.817564944250717e-05,0.008403859904443558,-1.1988176107324975e-08,1.217126267456523e-08,-1.3309956941976284e-07,0.0,0.0,0.0,0.0,0.0,0.0,0.0,0.0,0.0,0.0,0.0,0.0,0.0,0.0,0.0,0.0,0.0,0.0,0.0,0.0
-0.0015318183976592518,1.636583510786265e-05,-0.0007796668967303689,-6.837187278647833e-05,0.0011205531365618665,-0.0036469736517569314,0.03923755169560423,0.0,-6.989208951707175e-05,-2.418416560543198e-05,0.0004613567974005152,-3.16134218336188e-05,6.608414058329514e-06,1.9264488252356593e-05,-0.00036517446674788097,-3.720270650482091e-09,4.291283230537086e-09,-2.6577961293233964e-08,0.0,0.0,0.0,0.0,0.0,0.0,0.0,0.0,0.0,0.0,0.0,0.0,0.0,0.0,0.0,0.0,0.0,0.0,0.0,0.0
0.010754879055884188,-0.000588616833792434,0.003755558605366478,0.0007881732463268111,-0.0036469736517569314,0.012606392924079961,-0.12163985514669245,0.0,0.00025738819754433684,8.925241169172537e-05,-0.0016949038915020894,0.0001151751943588849,-2.4405907144402718e-05,-7.13631798752478e-05,0.0013429632925625835,4.1001241339992045e-09,-5.723536465088123e-09,3.90225102493862e-10,0.0,0.0,0.0,0.0,0.0,0.0,0.0,0.0,0.0,0.0,0.0,0.0,0.0,0.0,0.0,0.0,0.0,0.0,0.0,0.0
0.017493466533689085,-0.0045290907181904086,-0.014563243253451628,0.015806754960479175,0.03923755169560423,-0.12163985514669245,1.7651499888370297,0.0,-0.0027596414165628213,-0.0009375639370741192,0.020317486392169286,-0.0018394618572637475,0.00023135030612303422,0.0006744416033270343,-0.015714747380241655,-2.1090193122400388e-07,2.3253203775332655e-07,-1.817406621626304e-06,0.0,0.0,0.0,0.0,0.0,0.0,0.0,0.0,0.0,0.0,0.0,0.0,0.0,0.0,0.0,0.0,0.0,0.0,0.0,0.0
0.0,0.0,0.0,0.0,0.0,0.0,0.0,0.0,0.0,0.0,0.0,0.0,0.0,0.0,0.0,0.0,0.0,0.0,0.0,0.0,0.0,0.0,0.0,0.0,0.0,0.0,0.0,0.0,0.0,0.0,0.0,0.0,0.0,0.0,0.0,0.0,0.0,0.0
0.0020735801019650846,-0.00012999950430852455,0.000883755426753397,0.000867520994000372,-6.989208951707175e-05,0.00025738819754433684,-0.0027596414165628213,0.0,0.02876815887587667,0.012560921973390028,-0.07183198475716875,-0.006327544870941594,-0.004334834417461243,-0.01466936682710596,0.07454113621088632,-6.488950196210862e-08,6.619472474601606e-08,-6.931431641683996e-07,0.0,0.0,0.0,0.0,0.0,0.0,0.0,0.0,0.0,0.0,0.0,0.0,0.0,0.0,0.0,0.0,0.0,0.0,0.0,0.0
0.0007488829111541876,-4.723792447141085e-05,0.00031496457082751675,0.00012811748591420657,-2.418416560543198e-05,8.925241169172537e-05,-0.0009375639370741192,0.0,0.012560921973390028,0.005770566660214004,-0.029730700843921522,-0.0022684940095858462,-0.0019134633284361951,-0.006832396555130997,0.03140893871009428,-2.871739064465813e-08,2.9284441405494846e-08,-3.0607221940513474e-07,0.0,0.0,0.0,0.0,0.0,0.0,0.0,0.0,0.0,0.0,0.0,0.0,0.0,0.0,0.0,0.0,0.0,0.0,0.0,0.0
-0.012454695242880873,0.0007765604729486937,-0.005738344533043716,-0.011265894180117319,0.0004613567974005152,-0.0016949038915020894,0.020317486392169286,0.0,-0.07183198475716875,-0.029730700843921522,0.22760891424462243,0.006846613991379753,0.010150357446672753,0.03300906648849209,-0.2165239147658523,1.5808761571482906e-07,-1.6073657572444453e-07,1.7093701781515462e-06,0.0,0.0,0.0,0.0,0.0,0.0,0.0,0.0,0.0,0.0,0.0,0.0,0.0,0.0,0.0,0.0,0.0,0.0,0.0,0.0
0.0007907750395094622,-5.023435574689899e-05,0.0004563950429003469,0.0004933137619630237,-3.16134218336188e-05,0.0001151751943588849,-0.0018394618572637475,0.0,-0.006327544870941594,-0.0022684940095858462,0.006846613991379753,0.010613079742276495,0.0011381281040634729,0.0030949865360138775,-0.012966931272840864,1.5135617402655046e-08,-1.5575825874190525e-08,1.617688238282257e-07,0.0,0.0,0.0,0.0,0.0,0.0,0.0,0.0,0.0,0.0,0.0,0.0,0.0,0.0,0.0,0.0,0.0,0.0,0.0,0.0
-0.00021181943514806683,1.3328337907022741e-05,-8.420251158297966e-05,-1.7587568086457497e-05,6.608414058329514e-06,-2.4405907144402718e-05,0.00023135030612303422,0.0,-0.004334834417461243,-0.0019134633284361951,0.010150357446672753,0.0011381281040634729,0.0017499266628940675,0.005547876225163111,-0.03312299225730519,8.171085557691406e-09,-8.778007293143142e-09,7.27357694535245e-08,0.0,0.0,0.0,0.0,0.0,0.0,0.0,0.0,0.0,0.0,0.0,0.0,0.0,0.0,0.0,0.0,0.0,0.0,0.0,0.0
-0.0006432998780310801,4.0788917007369124e-05,-0.00025559306589376845,9.817564944250717e-05,1.9264488252356593e-05,-7.13631798752478e-05,0.0006744416033270343,0.0,-0.01466936682710596,-0.006832396555130997,0.03300906648849209,0.0030949865360138775,0.005547876225163111,0.0187031018830952,-0.09933608902087382,2.8067755949707844e-08,-2.999175969056782e-08,2.528029691833304e-07,0.0,0.0,0.0,0.0,0.0,0.0,0.0,0.0,0.0,0.0,0.0,0.0,0.0,0.0,0.0,0.0,0.0,0.0,0.0,0.0
0.01002705479038982,-0.0006257885261414255,0.004537236333703099,0.008403859904443558,-0.00036517446674788097,0.0013429632925625835,-0.015714747380241655,0.0,0.07454113621088632,0.03140893871009428,-0.2165239147658523,-0.012966931272840864,-0.03312299225730519,-0.09933608902087382,0.8121629874286952,-1.4860188276508946e-07,1.5936310732198786e-07,-1.3512173566368772e-06,0.0,0.0,0.0,0.0,0.0,0.0,0.0,0.0,0.0,0.0,0.0,0.0,0.0,0.0,0.0,0.0,0.0,0.0,0.0,0.0
-2.425875237893011e-07,1.9141466437803536e-08,-6.454502638426837e-08,-1.1988176107324975e-08,-3.720270650482091e-09,4.1001241339992045e-09,-2.1090193122400388e-07,0.0,-6.488950196210862e-08,-2.871739064465813e-08,1.5808761571482906e-07,1.5135617402655046e-08,8.171085557691406e-09,2.8067755949707844e-08,-1.4860188276508946e-07,0.09211825300214252,-0.09896266352119498,0.7796456746034431,0.0,0.0,0.0,0.0,0.0,0.0,0.0,0.0,0.0,0.0,0.0,0.0,0.0,0.0,0.0,0.0,0.0,0.0,0.0,0.0
2.5015707096484647e-07,-1.9800347906627112e-08,6.628171360809016e-08,1.217126267456523e-08,4.291283230537086e-09,-5.723536465088123e-09,2.3253203775332655e-07,0.0,6.619472474601606e-08,2.9284441405494846e-08,-1.6073657572444453e-07,-1.5575825874190525e-08,-8.778007293143142e-09,-2.999175969056782e-08,1.5936310732198786e-07,-0.09896266352119498,0.11163577696180994,-0.7935922737400154,0.0,0.0,0.0,0.0,0.0,0.0,0.0,0.0,0.0,0.0,0.0,0.0,0.0,0.0,0.0,0.0,0.0,0.0,0.0,0.0
-2.608333409755013e-06,2.0386954503441704e-07,-7.033040936942549e-07,-1.3309956941976284e-07,-2.6577961293233964e-08,3.90225102493862e-10,-1.817406621626304e-06,0.0,-6.931431641683996e-07,-3.0607221940513474e-07,1.7093701781515462e-06,1.617688238282257e-07,7.27357694535245e-08,2.528029691833304e-07,-1.3512173566368772e-06,0.7796456746034431,-0.7935922737400154,8.98500003324527,0.0,0.0,0.0,0.0,0.0,0.0,0.0,0.0,0.0,0.0,0.0,0.0,0.0,0.0,0.0,0.0,0.0,0.0,0.0,0.0
0.0,0.0,0.0,0.0,0.0,0.0,0.0,0.0,0.0,0.0,0.0,0.0,0.0,0.0,0.0,0.0,0.0,0.0,0.0,0.0,0.0,0.0,0.0,0.0,0.0,0.0,0.0,0.0,0.0,0.0,0.0,0.0,0.0,0.0,0.0,0.0,0.0,0.0
0.0,0.0,0.0,0.0,0.0,0.0,0.0,0.0,0.0,0.0,0.0,0.0,0.0,0.0,0.0,0.0,0.0,0.0,0.0,0.0,0.0,0.0,0.0,0.0,0.0,0.0,0.0,0.0,0.0,0.0,0.0,0.0,0.0,0.0,0.0,0.0,0.0,0.0
0.0,0.0,0.0,0.0,0.0,0.0,0.0,0.0,0.0,0.0,0.0,0.0,0.0,0.0,0.0,0.0,0.0,0.0,0.0,0.0,0.0,0.0,0.0,0.0,0.0,0.0,0.0,0.0,0.0,0.0,0.0,0.0,0.0,0.0,0.0,0.0,0.0,0.0
0.0,0.0,0.0,0.0,0.0,0.0,0.0,0.0,0.0,0.0,0.0,0.0,0.0,0.0,0.0,0.0,0.0,0.0,0.0,0.0,0.0,0.0,0.0,0.0,0.0,0.0,0.0,0.0,0.0,0.0,0.0,0.0,0.0,0.0,0.0,0.0,0.0,0.0
0.0,0.0,0.0,0.0,0.0,0.0,0.0,0.0,0.0,0.0,0.0,0.0,0.0,0.0,0.0,0.0,0.0,0.0,0.0,0.0,0.0,0.0,0.0,0.0,0.0,0.0,0.0,0.0,0.0,0.0,0.0,0.0,0.0,0.0,0.0,0.0,0.0,0.0
0.0,0.0,0.0,0.0,0.0,0.0,0.0,0.0,0.0,0.0,0.0,0.0,0.0,0.0,0.0,0.0,0.0,0.0,0.0,0.0,0.0,0.0,0.0,0.0,0.0,0.0,0.0,0.0,0.0,0.0,0.0,0.0,0.0,0.0,0.0,0.0,0.0,0.0
0.0,0.0,0.0,0.0,0.0,0.0,0.0,0.0,0.0,0.0,0.0,0.0,0.0,0.0,0.0,0.0,0.0,0.0,0.0,0.0,0.0,0.0,0.0,0.0,0.0,0.0,0.0,0.0,0.0,0.0,0.0,0.0,0.0,0.0,0.0,0.0,0.0,0.0
0.0,0.0,0.0,0.0,0.0,0.0,0.0,0.0,0.0,0.0,0.0,0.0,0.0,0.0,0.0,0.0,0.0,0.0,0.0,0.0,0.0,0.0,0.0,0.0,0.0,0.0,0.0,0.0,0.0,0.0,0.0,0.0,0.0,0.0,0.0,0.0,0.0,0.0
0.0,0.0,0.0,0.0,0.0,0.0,0.0,0.0,0.0,0.0,0.0,0.0,0.0,0.0,0.0,0.0,0.0,0.0,0.0,0.0,0.0,0.0,0.0,0.0,0.0,0.0,0.0,0.0,0.0,0.0,0.0,0.0,0.0,0.0,0.0,0.0,0.0,0.0
0.0,0.0,0.0,0.0,0.0,0.0,0.0,0.0,0.0,0.0,0.0,0.0,0.0,0.0,0.0,0.0,0.0,0.0,0.0,0.0,0.0,0.0,0.0,0.0,0.0,0.0,0.0,0.0,0.0,0.0,0.0,0.0,0.0,0.0,0.0,0.0,0.0,0.0
0.0,0.0,0.0,0.0,0.0,0.0,0.0,0.0,0.0,0.0,0.0,0.0,0.0,0.0,0.0,0.0,0.0,0.0,0.0,0.0,0.0,0.0,0.0,0.0,0.0,0.0,0.0,0.0,0.0,0.0,0.0,0.0,0.0,0.0,0.0,0.0,0.0,0.0
0.0,0.0,0.0,0.0,0.0,0.0,0.0,0.0,0.0,0.0,0.0,0.0,0.0,0.0,0.0,0.0,0.0,0.0,0.0,0.0,0.0,0.0,0.0,0.0,0.0,0.0,0.0,0.0,0.0,0.0,0.0,0.0,0.0,0.0,0.0,0.0,0.0,0.0
0.0,0.0,0.0,0.0,0.0,0.0,0.0,0.0,0.0,0.0,0.0,0.0,0.0,0.0,0.0,0.0,0.0,0.0,0.0,0.0,0.0,0.0,0.0,0.0,0.0,0.0,0.0,0.0,0.0,0.0,0.0,0.0,0.0,0.0,0.0,0.0,0.0,0.0
0.0,0.0,0.0,0.0,0.0,0.0,0.0,0.0,0.0,0.0,0.0,0.0,0.0,0.0,0.0,0.0,0.0,0.0,0.0,0.0,0.0,0.0,0.0,0.0,0.0,0.0,0.0,0.0,0.0,0.0,0.0,0.0,0.0,0.0,0.0,0.0,0.0,0.0
0.0,0.0,0.0,0.0,0.0,0.0,0.0,0.0,0.0,0.0,0.0,0.0,0.0,0.0,0.0,0.0,0.0,0.0,0.0,0.0,0.0,0.0,0.0,0.0,0.0,0.0,0.0,0.0,0.0,0.0,0.0,0.0,0.0,0.0,0.0,0.0,0.0,0.0
0.0,0.0,0.0,0.0,0.0,0.0,0.0,0.0,0.0,0.0,0.0,0.0,0.0,0.0,0.0,0.0,0.0,0.0,0.0,0.0,0.0,0.0,0.0,0.0,0.0,0.0,0.0,0.0,0.0,0.0,0.0,0.0,0.0,0.0,0.0,0.0,0.0,0.0
0.0,0.0,0.0,0.0,0.0,0.0,0.0,0.0,0.0,0.0,0.0,0.0,0.0,0.0,0.0,0.0,0.0,0.0,0.0,0.0,0.0,0.0,0.0,0.0,0.0,0.0,0.0,0.0,0.0,0.0,0.0,0.0,0.0,0.0,0.0,0.0,0.0,0.0
0.0,0.0,0.0,0.0,0.0,0.0,0.0,0.0,0.0,0.0,0.0,0.0,0.0,0.0,0.0,0.0,0.0,0.0,0.0,0.0,0.0,0.0,0.0,0.0,0.0,0.0,0.0,0.0,0.0,0.0,0.0,0.0,0.0,0.0,0.0,0.0,0.0,0.0
0.0,0.0,0.0,0.0,0.0,0.0,0.0,0.0,0.0,0.0,0.0,0.0,0.0,0.0,0.0,0.0,0.0,0.0,0.0,0.0,0.0,0.0,0.0,0.0,0.0,0.0,0.0,0.0,0.0,0.0,0.0,0.0,0.0,0.0,0.0,0.0,0.0,0.0
0.0,0.0,0.0,0.0,0.0,0.0,0.0,0.0,0.0,0.0,0.0,0.0,0.0,0.0,0.0,0.0,0.0,0.0,0.0,0.0,0.0,0.0,0.0,0.0,0.0,0.0,0.0,0.0,0.0,0.0,0.0,0.0,0.0,0.0,0.0,0.0,0.0,0.0
