0.18609318014171955,-0.014295089642683636,0.04914135115603741,0.01437531102486955,-0.0017047129267969922,0.011420251355337457,0.012052756466119465,0.0,0.002064760703488549,0.0007435348873422869,-0.012522307280348,0.0008083802914713921,-0.00020741023767995693,-0.0006292104642487874,0.010010819047964619,-5.013615670241865e-09,5.280432254044993e-09,-5.2089629251895405e-08,0.0,0.0,0.0,0.0,0.0,0.0,0.0,0.0,0.0,0.0,0.0,0.0,0.0,0.0,0.0,0.0,0.0,0.0,0.0,0.0
-0.014295089642683636,0.0011723682839127354,-0.003541022234330674,-0.0011108167603197114,2.4787043040720566e-05,-0.0006221374480846464,-0.004284400121127168,0.0,-0.00012962778512186693,-4.697266861844044e-05,0.0007817033633892679,-5.138101953348441e-05,1.30749179220169e-05,3.99790075276289e-05,-0.0006255657745695707,4.273113100587707e-10,-4.4878001567651865e-10,4.432827941187954e-09,0.0,0.0,0.0,0.0,0.0,0.0,0.0,0.0,0.0,0.0,0.0,0.0,0.0,0.0,0.0,0.0,0.0,0.0,0.0,0.0
0.04914135115603741,-0.003541022234330674,0.015170508446073549,0.0009752892694409194,-0.0008421442916808195,0.00399216775069016,-0.016597135017866128,0.0,0.0008739616430533981,0.0003103621961681103,-0.005736630468262904,0.00046243949430307,-8.149705594851684e-05,-0.00024696833252656127,0.004502496806647058,-1.2011344620428853e-09,1.269496566634016e-09,-1.2517987683965692e-08,0.0,0.0,0.0,0.0,0.0,0.0,0.0,0.0,0.0,0.0,0.0,0.0,0.0,0.0,0.0,0.0,0.0,0.0,0.0,0.0
0.01437531102486955,-0.0011108167603197114,0.0009752892694409194,0.030704028462478036,-8.32501744355914e-05,0.0008441785488342808,0.015325076990174033,0.0,0.0008180672378768225,0.00010658537954006852,-0.01113975490976108,0.0005028006628181846,-6.991740431341252e-06,0.0001326580350389211,0.008207697475179255,-2.151725019538051e-10,2.3131981387080966e-10,-2.0660543153672357e-09,0.0,0.0,0.0,0.0,0.0,0.0,0.0,0.0,0.0,0.0,0.0,0.0,0.0,0.0,0.0,0.0,0.0,0.0,0.0,0.0
-0.0017047129267969922,2.4787043040720566e-05,-0.0008421442916808195,-8.32501744355914e-05,0.001181305131592112,-0.0038662414913546586,0.041366073182969,0.0,-7.26361148159937e-05,-2.5023185576471054e-05,0.00048491002800784037,-3.369733742827131e-05,6.712882818047887e-06,1.9497621323373837e-05,-0.0003809390330387256,-5.789279523849107e-10,6.08282987214498e-10,-5.515661104214557e-09,0.0,0.0,0.0,0.0,0.0,0.0,0.0,0.0,0.0,0.0,0.0,0.0,0.0,0.0,0.0,0.0,0.0,0.0,0.0,0.0
0.011420251355337457,-0.0006221374480846464,0.00399216775069016,0.0008441785488342808,-0.0038662414913546586,0.01339262326448774,-0.1293103004465785,0.0,0.0002677074592992855,9.242607778655694e-05,-0.0017827809623785782,0.00012294236859476513,-2.4815329114432076e-05,-7.23030584104745e-05,0.0014019683594322344,1.7417981462051586e-09,-1.831214693651014e-09,1.644286985972162e-08,0.0,0.0,0.0,0.0,0.0,0.0,0.0,0.0,0.0,0.0,0.0,0.0,0.0,0.0,0.0,0.0,0.0,0.0,0.0,0.0
0.012052756466119465,-0.004284400121127168,-0.016597135017866128,0.015325076990174033,0.041366073182969,-0.1293103004465785,1.839361070339265,0.0,-0.0028335190171282546,-0.0009578026602647376,0.021057653117603277,-0.0019113599573419133,0.00023108468427681086,0.0006699631399724571,-0.016170535202949556,-2.240353692342389e-08,2.3536118919398206e-08,-2.147121730473728e-07,0.0,0.0,0.0,0.0,0.0,0.0,0.0,0.0,0.0,0.0,0.0,0.0,0.0,0.0,0.0,0.0,0.0,0.0,0.0,0.0
0.0,0.0,0.0,0.0,0.0,0.0,0.0,0.0,0.0,0.0,0.0,0.0,0.0,0.0,0.0,0.0,0.0,0.0,0.0,0.0,0.0,0.0,0.0,0.0,0.0,0.0,0.0,0.0,0.0,0.0,0.0,0.0,0.0,0.0,0.0,0.0,0.0,0.0
0.002064760703488549,-0.00012962778512186693,0.0008739616430533981,0.0008180672378768225,-7.26361148159937e-05,0.0002677074592992855,-0.0028335190171282546,0.0,0.028761006404752484,0.012574986840736947,-0.07154082666424835,-0.0063234123867361176,-0.004349133171324202,-0.014738069474208797,0.07432182589238444,-3.291552159233365e-10,4.992822573331868e-10,1.1117419625829428e-09,0.0,0.0,0.0,0.0,0.0,0.0,0.0,0.0,0.0,0.0,0.0,0.0,0.0,0.0,0.0,0.0,0.0,0.0,0.0,0.0
0.0007435348873422869,-4.697266861844044e-05,0.0003103621961681103,0.00010658537954006852,-2.5023185576471054e-05,9.242607778655694e-05,-0.0009578026602647376,0.0,0.012574986840736947,0.005784341947828426,-0.029644428145760078,-0.0022706876912443703,-0.0019239459915572435,-0.006876336062567103,0.0313880721926006,-1.822988730454113e-10,2.5992783242803297e-10,1.5555815112252212e-10,0.0,0.0,0.0,0.0,0.0,0.0,0.0,0.0,0.0,0.0,0.0,0.0,0.0,0.0,0.0,0.0,0.0,0.0,0.0,0.0
-0.012522307280348,0.0007817033633892679,-0.005736630468262904,-0.01113975490976108,0.00048491002800784037,-0.0017827809623785782,0.021057653117603277,0.0,-0.07154082666424835,-0.029644428145760078,0.2261821630892306,0.006794502786712242,0.010125095130953934,0.03297835604747705,-0.2148884692487626,8.73216423062241e-10,-1.2925487904861318e-09,-1.9922734401469323e-09,0.0,0.0,0.0,0.0,0.0,0.0,0.0,0.0,0.0,0.0,0.0,0.0,0.0,0.0,0.0,0.0,0.0,0.0,0.0,0.0
0.0008083802914713921,-5.138101953348441e-05,0.00046243949430307,0.0005028006628181846,-3.369733742827131e-05,0.00012294236859476513,-0.0019113599573419133,0.0,-0.0063234123867361176,-0.0022706876912443703,0.006794502786712242,0.010603859863317765,0.001141106474121582,0.003109876617271528,-0.012922776329061393,-2.1439756161635048e-10,1.9880012350760884e-10,-2.8013737507794293e-09,0.0,0.0,0.0,0.0,0.0,0.0,0.0,0.0,0.0,0.0,0.0,0.0,0.0,0.0,0.0,0.0,0.0,0.0,0.0,0.0
-0.00020741023767995693,1.30749179220169e-05,-8.149705594851684e-05,-6.991740431341252e-06,6.712882818047887e-06,-2.4815329114432076e-05,0.00023108468427681086,0.0,-0.004349133171324202,-0.0019239459915572435,0.010125095130953934,0.001141106474121582,0.001756390358105546,0.005574451879513886,-0.03308855446124972,-6.119042830356158e-10,6.255544141555611e-10,-6.376358301362804e-09,0.0,0.0,0.0,0.0,0.0,0.0,0.0,0.0,0.0,0.0,0.0,0.0,0.0,0.0,0.0,0.0,0.0,0.0,0.0,0.0
-0.0006292104642487874,3.99790075276289e-05,-0.00024696833252656127,0.0001326580350389211,1.9497621323373837e-05,-7.23030584104745e-05,0.0006699631399724571,0.0,-0.014738069474208797,-0.006876336062567103,0.03297835604747705,0.003109876617271528,0.005574451879513886,0.01880761045728971,-0.09933062594797706,-1.850924833835321e-09,1.8835385197554026e-09,-1.9512863204642988e-08,0.0,0.0,0.0,0.0,0.0,0.0,0.0,0.0,0.0,0.0,0.0,0.0,0.0,0.0,0.0,0.0,0.0,0.0,0.0,0.0
0.010010819047964619,-0.0006255657745695707,0.004502496806647058,0.008207697475179255,-0.0003809390330387256,0.0014019683594322344,-0.016170535202949556,0.0,0.07432182589238444,0.0313880721926006,-0.2148884692487626,-0.012922776329061393,-0.03308855446124972,-0.09933062594797706,0.8086643970119478,1.1908183578596363e-08,-1.2214647142710596e-08,1.2342687650780415e-07,0.0,0.0,0.0,0.0,0.0,0.0,0.0,0.0,0.0,0.0,0.0,0.0,0.0,0.0,0.0,0.0,0.0,0.0,0.0,0.0
-5.013615670241865e-09,4.273113100587707e-10,-1.2011344620428853e-09,-2.151725019538051e-10,-5.789279523849107e-10,1.7417981462051586e-09,-2.240353692342389e-08,0.0,-3.291552159233365e-10,-1.822988730454113e-10,8.73216423062241e-10,-2.1439756161635048e-10,-6.119042830356158e-10,-1.850924833835321e-09,1.1908183578596363e-08,0.1076281594728936,-0.11593366054418351,0.9068758816011064,0.0,0.0,0.0,0.0,0.0,0.0,0.0,0.0,0.0,0.0,0.0,0.0,0.0,0.0,0.0,0.0,0.0,0.0,0.0,0.0
5.280432254044993e-09,-4.4878001567651865e-10,1.269496566634016e-09,2.3131981387080966e-10,6.08282987214498e-10,-1.831214693651014e-09,2.3536118919398206e-08,0.0,4.992822573331868e-10,2.5992783242803297e-10,-1.2925487904861318e-09,1.9880012350760884e-10,6.255544141555611e-10,1.8835385197554026e-09,-1.2214647142710596e-08,-0.11593366054418351,0.1302013984839328,-0.9328141746326462,0.0,0.0,0.0,0.0,0.0,0.0,0.0,0.0,0.0,0.0,0.0,0.0,0.0,0.0,0.0,0.0,0.0,0.0,0.0,0.0
-5.2089629251895405e-08,4.432827941187954e-09,-1.2517987683965692e-08,-2.0660543153672357e-09,-5.515661104214557e-09,1.644286985972162e-08,-2.147121730473728e-07,0.0,1.1117419625829428e-09,1.5555815112252212e-10,-1.9922734401469323e-09,-2.8013737507794293e-09,-6.376358301362804e-09,-1.9512863204642988e-08,1.2342687650780415e-07,0.9068758816011064,-0.9328141746326462,10.029753903725153,0.0,0.0,0.0,0.0,0.0,0.0,0.0,0.0,0.0,0.0,0.0,0.0,0.0,0.0,0.0,0.0,0.0,0.0,0.0,0.0
0.0,0.0,0.0,0.0,0.0,0.0,0.0,0.0,0.0,0.0,0.0,0.0,0.0,0.0,0.0,0.0,0.0,0.0,0.0,0.0,0.0,0.0,0.0,0.0,0.0,0.0,0.0,0.0,0.0,0.0,0.0,0.0,0.0,0.0,0.0,0.0,0.0,0.0
0.0,0.0,0.0,0.0,0.0,0.0,0.0,0.0,0.0,0.0,0.0,0.0,0.0,0.0,0.0,0.0,0.0,0.0,0.0,0.0,0.0,0.0,0.0,0.0,0.0,0.0,0.0,0.0,0.0,0.0,0.0,0.0,0.0,0.0,0.0,0.0,0.0,0.0
0.0,0.0,0.0,0.0,0.0,0.0,0.0,0.0,0.0,0.0,0.0,0.0,0.0,0.0,0.0,0.0,0.0,0.0,0.0,0.0,0.0,0.0,0.0,0.0,0.0,0.0,0.0,0.0,0.0,0.0,0.0,0.0,0.0,0.0,0.0,0.0,0.0,0.0
0.0,0.0,0.0,0.0,0.0,0.0,0.0,0.0,0.0,0.0,0.0,0.0,0.0,0.0,0.0,0.0,0.0,0.0,0.0,0.0,0.0,0.0,0.0,0.0,0.0,0.0,0.0,0.0,0.0,0.0,0.0,0.0,0.0,0.0,0.0,0.0,0.0,0.0
0.0,0.0,0.0,0.0,0.0,0.0,0.0,0.0,0.0,0.0,0.0,0.0,0.0,0.0,0.0,0.0,0.0,0.0,0.0,0.0,0.0,0.0,0.0,0.0,0.0,0.0,0.0,0.0,0.0,0.0,0.0,0.0,0.0,0.0,0.0,0.0,0.0,0.0
0.0,0.0,0.0,0.0,0.0,0.0,0.0,0.0,0.0,0.0,0.0,0.0,0.0,0.0,0.0,0.0,0.0,0.0,0.0,0.0,0.0,0.0,0.0,0.0,0.0,0.0,0.0,0.0,0.0,0.0,0.0,0.0,0.0,0.0,0.0,0.0,0.0,0.0
0.0,0.0,0.0,0.0,0.0,0.0,0.0,0.0,0.0,0.0,0.0,0.0,0.0,0.0,0.0,0.0,0.0,0.0,0.0,0.0,0.0,0.0,0.0,0.0,0.0,0.0,0.0,0.0,0.0,0.0,0.0,0.0,0.0,0.0,0.0,0.0,0.0,0.0
0.0,0.0,0.0,0.0,0.0,0.0,0.0,0.0,0.0,0.0,0.0,0.0,0.0,0.0,0.0,0.0,0.0,0.0,0.0,0.0,0.0,0.0,0.0,0.0,0.0,0.0,0.0,0.0,0.0,0.0,0.0,0.0,0.0,0.0,0.0,0.0,0.0,0.0
0.0,0.0,0.0,0.0,0.0,0.0,0.0,0.0,0.0,0.0,0.0,0.0,0.0,0.0,0.0,0.0,0.0,0.0,0.0,0.0,0.0,0.0,0.0,0.0,0.0,0.0,0.0,0.0,0.0,0.0,0.0,0.0,0.0,0.0,0.0,0.0,0.0,0.0
0.0,0.0,0.0,0.0,0.0,0.0,0.0,0.0,0.0,0.0,0.0,0.0,0.0,0.0,0.0,0.0,0.0,0.0,0.0,0.0,0.0,0.0,0.0,0.0,0.0,0.0,0.0,0.0,0.0,0.0,0.0,0.0,0.0,0.0,0.0,0.0,0.0,0.0
0.0,0.0,0.0,0.0,0.0,0.0,0.0,0.0,0.0,0.0,0.0,0.0,0.0,0.0,0.0,0.0,0.0,0.0,0.0,0.0,0.0,0.0,0.0,0.0,0.0,0.0,0.0,0.0,0.0,0.0,0.0,0.0,0.0,0.0,0.0,0.0,0.0,0.0
0.0,0.0,0.0,0.0,0.0,0.0,0.0,0.0,0.0,0.0,0.0,0.0,0.0,0.0,0.0,0.0,0.0,0.0,0.0,0.0,0.0,0.0,0.0,0.0,0.0,0.0,0.0,0.0,0.0,0.0,0.0,0.0,0.0,0.0,0.0,0.0,0.0,0.0
0.0,0.0,0.0,0.0,0.0,0.0,0.0,0.0,0.0,0.0,0.0,0.0,0.0,0.0,0.0,0.0,0.0,0.0,0.0,0.0,0.0,0.0,0.0,0.0,0.0,0.0,0.0,0.0,0.0,0.0,0.0,0.0,0.0,0.0,0.0,0.0,0.0,0.0
0.0,0.0,0.0,0.0,0.0,0.0,0.0,0.0,0.0,0.0,0.0,0.0,0.0,0.0,0.0,0.0,0.0,0.0,0.0,0.0,0.0,0.0,0.0,0.0,0.0,0.0,0.0,0.0,0.0,0.0,0.0,0.0,0.0,0.0,0.0,0.0,0.0,0.0
0.0,0.0,0.0,0.0,0.0,0.0,0.0,0.0,0.0,0.0,0.0,0.0,0.0,0.0,0.0,0.0,0.0,0.0,0.0,0.0,0.0,0.0,0.0,0.0,0.0,0.0,0.0,0.0,0.0,0.0,0.0,0.0,0.0,0.0,0.0,0.0,0.0,0.0
0.0,0.0,0.0,0.0,0.0,0.0,0.0,0.0,0.0,0.0,0.0,0.0,0.0,0.0,0.0,0.0,0.0,0.0,0.0,0.0,0.0,0.0,0.0,0.0,0.0,0.0,0.0,0.0,0.0,0.0,0.0,0.0,0.0,0.0,0.0,0.0,0.0,0.0
0.0,0.0,0.0,0.0,0.0,0.0,0.0,0.0,0.0,0.0,0.0,0.0,0.0,0.0,0.0,0.0,0.0,0.0,0.0,0.0,0.0,0.0,0.0,0.0,0.0,0.0,0.0,0.0,0.0,0.0,0.0,0.0,0.0,0.0,0.0,0.0,0.0,0.0
0.0,0.0,0.0,0.0,0.0,0.0,0.0,0.0,0.0,0.0,0.0,0.0,0.0,0.0,0.0,0.0,0.0,0.0,0.0,0.0,0.0,0.0,0.0,0.0,0.0,0.0,0.0,0.0,0.0,0.0,0.0,0.0,0.0,0.0,0.0,0.0,0.0,0.0
0.0,0.0,0.0,0.0,0.0,0.0,0.0,0.0,0.0,0.0,0.0,0.0,0.0,0.0,0.0,0.0,0.0,0.0,0.0,0.0,0.0,0.0,0.0,0.0,0.0,0.0,0.0,0.0,0.0,0.0,0.0,0.0,0.0,0.0,0.0,0.0,0.0,0.0
0.0,0.0,0.0,0.0,0.0,0.0,0.0,0.0,0.0,0.0,0.0,0.0,0.0,0.0,0.0,0.0,0.0,0.0,0.0,0.0,0.0,0.0,0.0,0.0,0.0,0.0,0.0,0.0,0.0,0.0,0.0,0.0,0.0,0.0,0.0,0.0,0.0,0.0
